%YAML:1.0
---
calibration_time: "Tue Nov 19 14:16:49 2019"
nframes: 15
image_width: 1280
image_height: 720
board_width: 11
board_height: 8
square_size: 2.9999999329447746e-02
flags: 0
camera_matrix: !!opencv-matrix
   rows: 3
   cols: 3
   dt: d
   data: [ 9.0943502233005484e+02, 0., 6.1862413508355314e+02, 0.,
       9.1018294674167419e+02, 3.4553593389306445e+02, 0., 0., 1. ]
distortion_coefficients: !!opencv-matrix
   rows: 5
   cols: 1
   dt: d
   data: [ 1.3558055954538759e-01, -3.5734771154514522e-01,
       1.4395086317995549e-03, 5.8274637596762561e-04,
       1.9214198615667449e-01 ]
avg_reprojection_error: 1.6136185503001396e-01
per_view_reprojection_errors: !!opencv-matrix
   rows: 15
   cols: 1
   dt: f
   data: [ 1.70323402e-01, 1.59517676e-01, 1.60228208e-01,
       1.39063865e-01, 1.61476403e-01, 1.45902857e-01, 1.58040643e-01,
       1.70421466e-01, 1.24027528e-01, 1.87800437e-01, 1.74615890e-01,
       1.96006387e-01, 1.58063233e-01, 1.42919958e-01, 1.57299697e-01 ]
rvecs:
   - !!opencv-matrix
      rows: 3
      cols: 1
      dt: d
      data: [ 4.3884116616436090e-02, 4.0833040303920853e-01,
          2.9073691526045540e+00 ]
   - !!opencv-matrix
      rows: 3
      cols: 1
      dt: d
      data: [ -1.1942832166527227e-01, 1.6874954051358523e-01,
          2.9196919904436847e+00 ]
   - !!opencv-matrix
      rows: 3
      cols: 1
      dt: d
      data: [ 1.6891933764916861e-01, 2.3094517183755603e-01,
          2.5747643952531774e+00 ]
   - !!opencv-matrix
      rows: 3
      cols: 1
      dt: d
      data: [ 9.2802838080693464e-02, 4.7867004423889623e-02,
          2.5642353998381764e+00 ]
   - !!opencv-matrix
      rows: 3
      cols: 1
      dt: d
      data: [ -9.0892045764537868e-02, -6.5273531336193916e-02,
          2.5612217187333188e+00 ]
   - !!opencv-matrix
      rows: 3
      cols: 1
      dt: d
      data: [ 5.1321195553057135e-02, 1.0650176746101174e-01,
          2.8074450067717920e+00 ]
   - !!opencv-matrix
      rows: 3
      cols: 1
      dt: d
      data: [ 5.9769278653152380e-01, 1.8709647448386771e-01,
          2.7261883464991974e+00 ]
   - !!opencv-matrix
      rows: 3
      cols: 1
      dt: d
      data: [ 6.5115867462715560e-01, 3.9650558879992866e-02,
          2.6986183022327901e+00 ]
   - !!opencv-matrix
      rows: 3
      cols: 1
      dt: d
      data: [ -9.1191665672322161e-02, -2.9183245999887867e-02,
          2.9567953242588887e+00 ]
   - !!opencv-matrix
      rows: 3
      cols: 1
      dt: d
      data: [ 9.0537353369554138e-02, -3.0341898893996788e-01,
          -3.0980163207040299e+00 ]
   - !!opencv-matrix
      rows: 3
      cols: 1
      dt: d
      data: [ -3.6534531410402782e-01, 5.1042723720122161e-02,
          3.0741789643411654e+00 ]
   - !!opencv-matrix
      rows: 3
      cols: 1
      dt: d
      data: [ -3.5748156815668797e-01, 1.5550304052672653e-01,
          2.9474409524273941e+00 ]
   - !!opencv-matrix
      rows: 3
      cols: 1
      dt: d
      data: [ 2.6988472713301564e-01, -4.0796482736555256e-01,
          -3.0298345574694712e+00 ]
   - !!opencv-matrix
      rows: 3
      cols: 1
      dt: d
      data: [ -1.8499181463984649e-01, 6.3827603038717928e-02,
          -3.0023746920671450e+00 ]
   - !!opencv-matrix
      rows: 3
      cols: 1
      dt: d
      data: [ 2.7784963435360160e-01, -1.1409884860403825e-01,
          -2.9782388137325562e+00 ]
tvecs:
   - !!opencv-matrix
      rows: 3
      cols: 1
      dt: d
      data: [ 2.0679870134860981e-01, 1.5379585953408512e-01,
          7.7748665658591021e-01 ]
   - !!opencv-matrix
      rows: 3
      cols: 1
      dt: d
      data: [ 8.3236079066548410e-02, 5.6005412808556344e-02,
          7.0811190889443010e-01 ]
   - !!opencv-matrix
      rows: 3
      cols: 1
      dt: d
      data: [ 1.8119834877402166e-01, 5.5182842000460822e-02,
          6.8981825289649457e-01 ]
   - !!opencv-matrix
      rows: 3
      cols: 1
      dt: d
      data: [ 9.3170836190781300e-02, -1.0548605389947688e-02,
          7.0315976921339496e-01 ]
   - !!opencv-matrix
      rows: 3
      cols: 1
      dt: d
      data: [ -4.2836108597663951e-02, -2.5462426545397533e-02,
          7.1615987076498366e-01 ]
   - !!opencv-matrix
      rows: 3
      cols: 1
      dt: d
      data: [ 6.7255048147133831e-02, 7.1407152331462345e-02,
          7.2721700760343144e-01 ]
   - !!opencv-matrix
      rows: 3
      cols: 1
      dt: d
      data: [ 3.6886106977146882e-01, 1.1772839171312287e-01,
          6.3326936725343663e-01 ]
   - !!opencv-matrix
      rows: 3
      cols: 1
      dt: d
      data: [ 3.7957952740738948e-01, 2.6982409788308410e-02,
          6.1559695051667251e-01 ]
   - !!opencv-matrix
      rows: 3
      cols: 1
      dt: d
      data: [ 8.8110936774570672e-02, 7.0306842903333541e-02,
          7.6436567056768390e-01 ]
   - !!opencv-matrix
      rows: 3
      cols: 1
      dt: d
      data: [ 1.0609698078371024e-01, 2.1113966023842817e-01,
          7.6298441411496043e-01 ]
   - !!opencv-matrix
      rows: 3
      cols: 1
      dt: d
      data: [ -5.7033674395344396e-02, 6.1050142252804272e-02,
          7.7145362599979850e-01 ]
   - !!opencv-matrix
      rows: 3
      cols: 1
      dt: d
      data: [ -1.0000297084162904e-01, 1.2776041770612953e-01,
          7.6223290943130984e-01 ]
   - !!opencv-matrix
      rows: 3
      cols: 1
      dt: d
      data: [ -5.4692586212165252e-02, 2.4850059233629548e-01,
          7.5709686169462476e-01 ]
   - !!opencv-matrix
      rows: 3
      cols: 1
      dt: d
      data: [ 1.9586378584017647e-01, 1.9247134261445486e-02,
          7.5020587266623173e-01 ]
   - !!opencv-matrix
      rows: 3
      cols: 1
      dt: d
      data: [ -8.0640948322015418e-02, 9.2397337562923676e-02,
          7.8366996927721866e-01 ]
