%YAML:1.0
---
handEyeMatrix: !!opencv-matrix
   rows: 4
   cols: 4
   dt: d
   data: [ 9.8832254676269926e-01, 1.5110164932601164e-01,
       -1.9668124756857822e-02, -5.0253959588190941e-02,
       -1.5185639540587217e-01, 9.8736460762519673e-01,
       -4.5285392605970060e-02, -1.0881505643156597e-01,
       1.2576912770140293e-02, 4.7743305081450457e-02,
       9.9878045539801785e-01, 2.1903225565209003e-02, 0., 0., 0., 1. ]
