%YAML:1.0
---
calibration_time: "Wed Nov 20 09:38:44 2019"
nframes: 16
image_width: 1280
image_height: 720
board_width: 7
board_height: 7
square_size: 1.2500000186264515e-02
flags: 0
camera_matrix: !!opencv-matrix
   rows: 3
   cols: 3
   dt: d
   data: [ 8.2135790179308242e+02, 0., 6.3918184477119780e+02, 0.,
       8.1606129698578104e+02, 3.6839038477586757e+02, 0., 0., 1. ]
distortion_coefficients: !!opencv-matrix
   rows: 5
   cols: 1
   dt: d
   data: [ 9.8255409311423417e-02, -3.8628457788831516e-01,
       1.3527540046834048e-02, 5.1370177632112206e-03,
       3.6078152906748445e-01 ]
avg_reprojection_error: 2.7393607948426973e-01
per_view_reprojection_errors: !!opencv-matrix
   rows: 16
   cols: 1
   dt: f
   data: [ 3.22067738e-01, 3.40834856e-01, 1.60089776e-01,
       2.53160387e-01, 1.86852306e-01, 1.65861011e-01, 2.58970737e-01,
       3.27772677e-01, 3.34249496e-01, 3.99536669e-01, 2.86707044e-01,
       2.81995833e-01, 2.29300559e-01, 2.34871343e-01, 2.89686292e-01,
       1.71405792e-01 ]
rvecs:
   - !!opencv-matrix
      rows: 3
      cols: 1
      dt: d
      data: [ -2.6461240259652016e-02, -3.5703896966781251e-02,
          7.5295584448412489e-01 ]
   - !!opencv-matrix
      rows: 3
      cols: 1
      dt: d
      data: [ 2.6722159028500703e-01, -1.3784544378958452e-01,
          -7.0750029654256175e-01 ]
   - !!opencv-matrix
      rows: 3
      cols: 1
      dt: d
      data: [ 1.0279625393201419e-01, -1.4331181603643706e-01,
          -3.8429163450204451e-01 ]
   - !!opencv-matrix
      rows: 3
      cols: 1
      dt: d
      data: [ 6.7428494672968103e-02, 2.7418247879898594e-01,
          -1.0467803346004129e-01 ]
   - !!opencv-matrix
      rows: 3
      cols: 1
      dt: d
      data: [ 2.7394203745303264e-01, 3.2013600160914796e-01,
          -2.9240115164713386e-05 ]
   - !!opencv-matrix
      rows: 3
      cols: 1
      dt: d
      data: [ 4.0796135254669819e-01, 9.0224861389775313e-02,
          2.4843487410579829e-01 ]
   - !!opencv-matrix
      rows: 3
      cols: 1
      dt: d
      data: [ 3.4626691181192187e-01, -2.3209948640476388e-01,
          1.4144063489570499e-01 ]
   - !!opencv-matrix
      rows: 3
      cols: 1
      dt: d
      data: [ 2.8209276422829604e-01, -4.2487036197329675e-01,
          3.7466770481860900e-01 ]
   - !!opencv-matrix
      rows: 3
      cols: 1
      dt: d
      data: [ 1.5031080751410900e-01, -4.1535732639800493e-01,
          1.3261324720197132e-01 ]
   - !!opencv-matrix
      rows: 3
      cols: 1
      dt: d
      data: [ 8.2135382532520979e-02, -2.3788486885657600e-01,
          -5.5589411981923405e-03 ]
   - !!opencv-matrix
      rows: 3
      cols: 1
      dt: d
      data: [ 8.3555790759446497e-02, 8.1032383073426778e-03,
          -1.7276112416221293e-01 ]
   - !!opencv-matrix
      rows: 3
      cols: 1
      dt: d
      data: [ 2.9725040368441524e-01, -6.0803497436279254e-02,
          -1.5484405391294018e-03 ]
   - !!opencv-matrix
      rows: 3
      cols: 1
      dt: d
      data: [ 4.6918638535062791e-02, 1.2853110373878116e-01,
          2.2379184436255720e-01 ]
   - !!opencv-matrix
      rows: 3
      cols: 1
      dt: d
      data: [ 7.1013557906896410e-02, 2.9987434279594677e-01,
          2.6909541955089172e-01 ]
   - !!opencv-matrix
      rows: 3
      cols: 1
      dt: d
      data: [ 2.1440056362884602e-01, 3.4842134285109511e-01,
          8.6989489085709679e-02 ]
   - !!opencv-matrix
      rows: 3
      cols: 1
      dt: d
      data: [ 3.8431961111576535e-01, 1.7558637837516050e-01,
          2.6750024930225191e-01 ]
tvecs:
   - !!opencv-matrix
      rows: 3
      cols: 1
      dt: d
      data: [ 2.4299997088046831e-02, 7.0579388638722138e-02,
          5.1058883285398404e-01 ]
   - !!opencv-matrix
      rows: 3
      cols: 1
      dt: d
      data: [ -9.2766294666239590e-02, -7.5262138220028349e-02,
          4.8315175858325310e-01 ]
   - !!opencv-matrix
      rows: 3
      cols: 1
      dt: d
      data: [ -8.7675876870613581e-02, 8.4282675147896394e-03,
          4.7581280649695928e-01 ]
   - !!opencv-matrix
      rows: 3
      cols: 1
      dt: d
      data: [ 1.3836768699505572e-01, 3.1377737215273940e-02,
          4.3641119298797437e-01 ]
   - !!opencv-matrix
      rows: 3
      cols: 1
      dt: d
      data: [ 1.6917867515813659e-01, -1.1247926487872614e-01,
          4.0690401698760764e-01 ]
   - !!opencv-matrix
      rows: 3
      cols: 1
      dt: d
      data: [ 6.1368135985782987e-02, -1.5156561441186187e-01,
          3.9360453615871183e-01 ]
   - !!opencv-matrix
      rows: 3
      cols: 1
      dt: d
      data: [ -1.1379831500476312e-01, -1.1078188768032400e-01,
          3.8340482623491257e-01 ]
   - !!opencv-matrix
      rows: 3
      cols: 1
      dt: d
      data: [ -2.1849681021003356e-01, -1.3065719652415361e-01,
          3.4308253494679664e-01 ]
   - !!opencv-matrix
      rows: 3
      cols: 1
      dt: d
      data: [ -2.4094205461953944e-01, 1.2027599124237922e-03,
          3.5967047580688494e-01 ]
   - !!opencv-matrix
      rows: 3
      cols: 1
      dt: d
      data: [ -1.4705197793511404e-01, 3.6406599883922940e-02,
          3.8777609637380400e-01 ]
   - !!opencv-matrix
      rows: 3
      cols: 1
      dt: d
      data: [ -3.9777590223144386e-02, 3.2169358456406554e-02,
          4.0309073898834774e-01 ]
   - !!opencv-matrix
      rows: 3
      cols: 1
      dt: d
      data: [ -5.1504841158606700e-02, -9.5581748738361269e-02,
          3.4471441124179919e-01 ]
   - !!opencv-matrix
      rows: 3
      cols: 1
      dt: d
      data: [ 5.8797138352039834e-02, 1.3204226469934688e-02,
          3.9419589878051725e-01 ]
   - !!opencv-matrix
      rows: 3
      cols: 1
      dt: d
      data: [ 1.3971992532810315e-01, 1.7364564102649707e-02,
          3.6795463032083997e-01 ]
   - !!opencv-matrix
      rows: 3
      cols: 1
      dt: d
      data: [ 1.3324308414635758e-01, -6.5786673403567128e-02,
          3.5300560508525414e-01 ]
   - !!opencv-matrix
      rows: 3
      cols: 1
      dt: d
      data: [ 6.4360576193853089e-02, -1.1661262107647126e-01,
          3.2834536573710266e-01 ]
