%YAML:1.0
---
handEyeMatrix: !!opencv-matrix
   rows: 4
   cols: 4
   dt: d
   data: [ 9.7253833149303692e-01, 1.7674191320436089e-01,
       -1.5143146929750728e-01, -3.8062621816402742e-02,
       -1.6916597202759964e-01, 9.8365855073549746e-01,
       6.1633833832548057e-02, -8.1256090018905935e-02,
       1.5985014133461722e-01, -3.4324214219744950e-02,
       9.8654436323639294e-01, 6.7846466643660161e-02, 0., 0., 0., 1. ]
